ans =

 Columns 1 through 9:

  9.1033e-002  4.2260e-005  4.3909e-002  -9.5753e-003  -1.8012e-003  1.0798e-002  -1.0219e-003  -5.7676e-001  -2.8997e-004

 Columns 10 through 18:

  -2.6460e-001  9.0968e-001  2.8599e-002  -7.2983e-004  -1.4605e-004  1.5604e-001  -1.9041e-002  -5.7227e-001  1.4880e-001

 Columns 19 through 27:

  -2.9345e-004  -4.2570e-001  6.6839e-002  -1.3727e-003  7.4183e-003  1.0116e-004  -8.1214e-003  -1.4495e-001  -3.9968e-001

 Columns 28 through 36:

  8.6520e-001  9.2394e-002  1.6829e-002  -1.0287e-001  -1.8961e-002  1.5491e-001  -6.0806e-001  7.4129e-002  3.3112e-002

 Columns 37 through 45:

  8.5226e-001  -1.2435e-002  2.0400e-001  4.9580e-002  -2.9698e-002  6.1185e-003  -5.3848e-004  5.0231e-001  4.4889e-003

 Columns 46 through 54:

  1.3703e-001  -7.0079e-003  -3.8191e-006  -7.9509e-004  -9.2389e-006  -1.8931e-003  -4.9948e-004  -9.4977e-002  2.8062e-003

 Columns 55 through 63:

  8.5230e-003  5.2892e-002  -1.4336e-004  6.9370e-001  -1.4503e-002  -4.2713e-003  -4.6834e-004  2.2238e-004  3.5056e-003

 Columns 64 through 72:

  1.2707e-004  7.1658e-002  4.0879e-002  -5.5575e-002  1.0071e-002  -4.7552e-005  -2.9069e-001  6.2041e-005  -2.2603e-002

 Columns 73 through 81:

  -1.0664e-004  -1.1572e-001  -9.4758e-002  -4.5093e-005  -8.2306e-002  -3.7325e-001  1.5841e-002  5.9949e-001  -7.1747e-004

 Columns 82 through 90:

  -2.6526e-002  -1.0546e-001  -7.9680e-001  -5.8951e-005  -2.0175e-003  3.5456e-001  -1.7997e-004  -2.6789e-005  1.0696e-001

 Columns 91 through 99:

  -5.6044e-005  -1.4775e-005  1.4244e-003  -6.7824e-004  -7.5424e-002  -1.4135e-001  -2.4912e-001  -1.0339e-004  -6.6072e-001

 Column 100:

  -2.4906e-004

